13 17
1000 800 0 2
1100 800 0 0
1200 800 0 0
1300 800 0 0
1100 900 0 0
1200 900 0 0
1300 900 0 0
500 200 1 1
__
13 17
316 834 0 2
552 986 0 0
494 624 0 0
612 806 0 0
206 568 0 0
1666 150 3 0
1490 234 3 0
1278 352 3 1
1058 264 3 0
1290 558 3 0
586 894 0 2
__
13 17
456 728 0 1
158 706 0 0
726 706 0 0
430 968 0 0
430 968 0 0
1726 248 4 1
1548 568 4 1
1756 880 4 1
1220 550 4 0
306 220 8 2
__
13 17
170 940 0 2
454 716 0 1
156 654 0 0
428 966 0 0
1738 124 3 0
1432 276 3 1
1204 186 3 0
1540 492 3 0
1548 746 3 1
928 156 3 1
__
################ its comment its 5 lvl
13 17
198 886 0 2
500 750 0 1
584 538 0 0
728 840 0 0
1280 390 0 0
1558 384 2 1
956 390 2 1
1258 154 2 1
1294 646 2 1
156 420 8 0
602 138 8 0
__
13 17
958 530 8 2
344 878 0 1
618 726 0 0
340 194 1 1
600 334 1 0
1634 166 2 1
1374 300 2 0
1624 906 3 1
1332 744 3 0
__
13 17
238 854 1 1
536 818 1 0
294 554 1 0
886 178 0 1
618 314 0 0
618 314 0 0
1120 306 0 0
1760 912 2 1
1616 720 2 1
1506 966 2 0
906 582 8 2
__
13 17
894 452 8 1
920 658 8 0
908 198 8 0
1170 448 8 0
640 448 8 0
190 902 0 1
180 626 0 0
484 910 0 0
1656 874 1 2
1332 846 1 0
1654 170 1 1
1522 460 2 0
218 138 2 0
898 140 2 0
__
13 17
306 222 0 1
522 100 0 0
280 528 0 0
542 552 0 0
686 310 0 0
802 514 0 0
1604 856 1 1
1384 978 1 0
1634 546 1 0
1228 770 1 0
1376 534 1 0
1114 570 1 0
__
######################### lvl 10
13 17
900 454 0 1
700 566 0 0
1070 608 0 0
938 216 0 0
1702 840 4 1
1478 846 4 0
1718 648 4 0
174 904 1 1
254 708 1 0
404 910 1 0
140 102 2 0
126 244 2 0
360 90 2 0
1554 196 8 1
__
13 17
226 510 1 1
152 204 1 0
260 826 1 0
378 320 1 0
386 718 1 0
674 540 1 0
948 214 8 2
948 534 8 0
944 922 8 2
1432 560 0 1
1498 306 0 0
1776 456 0 0
1728 718 0 0
1508 884 0 0
__
13 17
952 518 0 1
766 482 0 0
1148 502 0 0
960 696 0 0
954 304 0 0
976 954 1 0
1476 774 1 1
464 812 1 1
1334 212 2 1
950 120 2 0
534 200 2 1
248 448 8 1
1616 434 8 1
__
13 17
934 790 4 1
1234 700 4 0
640 720 4 0
1480 826 4 0
404 850 4 0
1708 952 4 0
194 964 4 0
928 170 0 2
1534 208 0 0
334 204 0 0
618 366 0 0
1266 362 0 0
1692 550 8 1
160 540 8 1
__
13 17
828 528 0 0
498 520 0 1
358 278 0 0
358 772 0 0
194 174 0 0
188 876 0 0
1098 546 2 0
1430 562 2 1
1560 302 2 0
1562 788 2 0
1738 200 2 0
1746 886 2 0
962 906 8 1
958 234 8 2
728 916 8 0
1236 916 8 0
__
13 17
964 520 8 2
330 882 0 1
378 646 0 0
604 734 0 0
658 950 0 0
402 254 1 1
692 258 1 0
118 256 1 0
400 460 1 0
1590 192 2 1
1326 328 2 0
1448 522 2 0
1116 204 2 0
1724 968 3 0
1720 732 3 1
1428 954 3 1
__
13 17
198 938 0 1
230 698 0 0
460 958 0 0
204 120 1 0
452 80 1 0
390 224 1 0
198 326 1 0
1702 554 3 2
1396 552 3 1
1510 292 3 0
1518 794 3 0
1242 360 3 0
1226 714 3 0
1136 544 3 0
808 256 8 0
808 544 8 1
808 846 8 0
_
13 17
956 544 8 1
956 336 8 0
956 764 8 0
1178 660 8 0
780 440 8 0
1180 414 8 0
762 654 8 0
238 942 0 1
410 852 0 0
588 858 0 0
410 670 0 0
944 110 4 0
1730 102 4 1
216 102 4 1
488 274 4 0
1462 266 4 0
1546 866 8 2
_
13 17
334 886 2 2
660 708 2 1
650 968 2 0
384 578 2 0
842 606 2 0
946 186 0 1
644 90 0 0
1184 90 0 0
656 298 0 0
1186 296 0 0
952 426 8 0
1594 898 3 2
1216 684 3 0
1278 832 3 0
1386 628 3 0
1344 974 3 0
1556 582 3 0
_
13 17
960 542 8 2
696 398 8 0
562 324 8 0
1246 398 8 0
1378 324 8 0
686 694 8 0
1208 694 8 0
562 762 8 0
1338 762 8 0
592 92 8 0
1294 92 8 0
222 410 8 0
1696 410 8 0
222 680 8 0
1696 680 8 0
604 968 8 0
1284 968 8 0
338 194 0 1
1578 188 1 1
1578 882 2 1
338 892 3 1
_
13 17
954 192 2 1
734 82 2 0
1166 82 2 0
604 186 2 0
1298 186 2 0
740 294 2 0
1184 294 2 0
974 910 0 1
858 764 0 0
1084 762 0 0
966 636 0 0
374 966 8 0
1550 966 8 0
202 530 8 2
480 530 8 0
650 530 8 0
1650 548 8 2
1420 390 8 0
1432 698 8 0
_
13 17
966 544 8 0
960 352 8 0
668 740 8 0
612 548 8 0
1314 546 8 0
620 738 8 1
612 346 8 1
1310 346 8 1
1308 738 8 1
456 986 0 0
270 928 0 0
138 696 0 1
226 366 1 2
344 108 1 0
558 82 1 0
1404 76 2 0
1684 142 2 0
1748 382 2 2
1732 748 3 2
1638 928 3 0
1378 994 3 0
_
13 17
966 542 8 0
958 166 8 0
966 886 8 0
1640 550 2 2
1418 442 2 0
1420 642 2 0
1360 882 2 0
1328 240 2 0
286 558 0 2
398 234 0 0
412 852 0 0
528 542 0 0
682 548 0 0
_
13 17
956 540 8 2
964 828 0 0
758 962 0 0
1152 962 0 0
954 258 1 0
1146 134 1 0
748 130 1 0
194 408 2 0
192 702 2 0
424 550 2 0
1698 410 3 0
1704 712 3 0
1474 542 3 0
360 152 8 1
1528 162 8 1
1534 912 8 1
348 920 8 1
_
13 17
622 504 0 2
226 504 0 1
254 178 0 0
242 814 0 0
100 748 0 0
96 254 0 0
672 138 8 1
1076 578 3 0
1350 544 3 1
1708 544 3 2
1640 190 3 0
1636 902 3 0
1262 696 3 0
1248 400 3 0
1178 954 8 1
_
13 17
958 540 8 0
958 268 8 1
958 814 8 1
1324 538 8 1
642 538 8 1
278 852 0 2
278 250 1 2
1654 250 2 2
1654 852 3 2
_
13 17
920 502 8 2
1620 518 8 1
250 524 8 1
314 754 0 0
536 760 0 0
758 760 0 0
1080 758 0 0
1350 760 0 0
1650 760 0 0
922 946 0 1
900 126 2 1
134 284 2 0
400 278 2 0
620 278 2 0
1304 274 2 0
1514 280 2 0
1782 282 2 0
_
13 17
402 254 1 1
692 258 2 1
400 460 3 0
964 520 0 2
1590 192 4 0
1326 328 5 0
330 882 0 2
378 646 8 2
658 950 0 1
1448 522 8 0
#ist bullshit!!!!!!!!!!
_
13 17
692 258 2 1
400 460 3 0
_
13 17
692 258 2 1
400 460 3 0
_
13 17
692 258 2 1
400 460 3 0
